97 30 457
hi -0.013339734636247158 -0.009981105104088783 -0.002948177745565772 0.009252117946743965 -0.009173829108476639 -0.014356547966599464 -0.0022114748135209084 0.00951783824712038 -0.011152464896440506 8.478331728838384E-4 -0.011930450797080994 -0.003285505808889866 -0.011355575174093246 -0.010107602924108505 0.005930513609200716 0.0076692854054272175 0.0062053389847278595 0.00541109312325716 -0.012718334794044495 -0.0022278721444308758 0.010504758916795254 -0.00554085336625576 -0.007121959701180458 -0.007291990332305431 -0.01113053411245346 -0.009616910479962826 0.007589055225253105 -0.007109515834599733 -0.011542110703885555 -0.008357586339116096
about 0.009724698960781097 0.009305364452302456 0.022471850737929344 -0.018261319026350975 0.004543485585600138 -0.011216534301638603 -0.010711991228163242 -0.038506560027599335 -0.0011442567920312285 0.009131234139204025 0.023626232519745827 -0.01471941638737917 0.010449323803186417 -0.013785092160105705 0.03280629962682724 0.021485356613993645 -0.025559566915035248 0.01812908798456192 0.009725978597998619 0.013789591379463673 -0.029887830838561058 -0.0031937456224113703 0.017842167988419533 -0.01158722024410963 0.011132209561765194 0.019948037341237068 0.01754007115960121 -6.59930519759655E-4 0.0054732575081288815 0.002880143467336893
videos 0.011929397471249104 -0.006761777214705944 0.0016996660269796848 6.417245604097843E-4 0.006956193130463362 -0.008659048937261105 0.0026433803141117096 -0.020074672996997833 0.009740431793034077 -0.0018189182737842202 -0.013809636235237122 -0.010262712836265564 0.015828493982553482 0.012425918132066727 -0.009616145864129066 0.01641983538866043 -0.0030855254735797644 0.007686537224799395 -0.005881443154066801 -0.0028885311912745237 0.009044226258993149 -0.009342629462480545 0.014039156958460808 -0.007453755009919405 -0.004701022058725357 0.006461454555392265 -0.010717552155256271 0.005793036427348852 0.01108852494508028 -0.012155345641076565
your -0.04802456125617027 0.07485536485910416 0.06026410683989525 -0.004066871013492346 0.06920526176691055 -0.10771066695451736 -0.0028169944416731596 -0.12780815362930298 -0.07228590548038483 0.07991299778223038 0.01364984828978777 -0.05668969452381134 0.03695264086127281 0.0036505581811070442 0.11409375071525574 0.054916027933359146 -0.02438720129430294 0.05650394782423973 0.06622746586799622 0.007122431881725788 -0.037529002875089645 -0.011717931367456913 0.1593674272298813 -0.07640625536441803 0.005622225347906351 0.0037415698170661926 0.03767744079232216 0.06373465061187744 0.02203570492565632 -0.013356325216591358
handy -0.011119399219751358 0.01559985801577568 -0.00688106520101428 -0.010571412742137909 -0.008239214308559895 0.0021709592547267675 0.015293494798243046 0.014776375144720078 -0.015320471487939358 0.013598265126347542 -0.008246543817222118 0.002892119577154517 0.01173399854451418 -0.007314777001738548 -0.015517717227339745 0.0016637850785627961 -8.366556139662862E-4 -0.0060125114396214485 -0.010282077826559544 0.004932795185595751 0.0044455453753471375 0.009932169690728188 0.011300375685095787 0.007933094166219234 0.006403212435543537 -0.013142046518623829 0.003927627112716436 0.008205893449485302 -0.007338186725974083 0.013818775303661823
without 0.007602357305586338 0.0031104395166039467 0.0040435027331113815 -0.0015342908445745707 0.00820059422403574 -0.009976780042052269 0.009184500202536583 0.0119822071865201 -0.009074131958186626 0.009204177185893059 -0.009842204861342907 -0.013591411523520947 -0.013879330828785896 -4.102125531062484E-4 -0.002638201927766204 -0.012232396751642227 -0.002845723181962967 0.012565437704324722 -0.013719199225306511 -0.002742752665653825 4.221981798764318E-4 0.004805508069694042 0.0075657982379198074 0.008927715010941029 -0.002764584729447961 -0.012390892952680588 -0.004479577299207449 -0.009234054945409298 0.004813691601157188 0.005778193008154631
required 0.006837465800344944 -0.0046688769944012165 -0.0026040629018098116 0.011889809742569923 -0.008571981452405453 -0.004145120736211538 -0.005515585653483868 9.000034769997001E-4 0.008360731415450573 0.0036939773708581924 -0.0013113452587276697 -0.015020320191979408 -0.008136601187288761 0.014882845804095268 0.013602478429675102 0.010758405551314354 3.1005070195533335E-4 -0.004151200409978628 0.008896916173398495 0.008578402921557426 0.0064225029200315475 -0.015899913385510445 -0.0015791942132636905 -9.473948739469051E-4 0.016185542568564415 0.013386150822043419 -0.011441963724792004 0.00709122559055686 -0.013075667433440685 0.010274610482156277
these 0.0027657668106257915 0.009072475135326385 -0.0028999228961765766 0.0038289562799036503 -0.005351892206817865 -0.0040137628093361855 0.006910889875143766 0.0014135453384369612 -0.007782931439578533 0.008424767293035984 0.009986615739762783 0.010709344409406185 0.007687827572226524 0.009602310135960579 -0.007416335865855217 -0.010121485218405724 -0.010685107670724392 0.003549345303326845 0.011680868454277515 0.004309468436986208 -0.0029314709827303886 -0.0070483689196407795 0.0023954862263053656 0.00789793860167265 0.012115849182009697 -0.00460277171805501 0.007200829219073057 -0.00962156429886818 0.012794292531907558 0.012925212271511555
thanks -0.01367809996008873 -0.013189215213060379 -0.008201273158192635 -0.004091187380254269 -0.0013447653036564589 0.012747636064887047 -0.00426219729706645 -0.0017175049288198352 -0.004330125637352467 -0.014802777208387852 0.003980092238634825 -0.005873558111488819 -0.00204064860008657 -0.00543711893260479 0.01311199739575386 0.015549191273748875 -0.014003847725689411 -0.008295723237097263 0.01505036000162363 -0.0046007405035197735 -0.014907999895513058 -4.923155065625906E-4 -0.004930728115141392 0.009441022761166096 -0.004425819031894207 0.006517539732158184 -0.015521037392318249 -0.013172697275876999 0.007610398810356855 -0.01595207117497921
marki -0.0028239134699106216 -0.005929192062467337 -0.0075401016511023045 -0.006721430458128452 -0.012979636900126934 0.004855801351368427 0.0027174842543900013 -0.003296345006674528 -0.0038467522244900465 0.0061199720948934555 -0.0036149383522570133 0.0036190401297062635 -0.0020917358342558146 -0.005805876571685076 -0.010563801974058151 -0.019548829644918442 0.016553033143281937 0.007240278646349907 -7.332568638958037E-4 -0.01402330119162798 -0.007938317954540253 -0.007208428345620632 -0.01569206640124321 0.02120089903473854 0.008847640827298164 -0.012711792252957821 -0.01927187107503414 -0.008651510812342167 -0.01240822859108448 0.00772861298173666
rehabilitation -0.005871251691132784 0.02073647268116474 0.014876131899654865 0.005555206909775734 0.0011274050921201706 -0.019969698041677475 -0.008204108104109764 -0.013915379531681538 -0.003937994595617056 0.006824420765042305 0.007394264452159405 0.0033895268570631742 0.018490510061383247 -0.0018319608643651009 0.002596580423414707 0.004732905421406031 -0.02251737006008625 0.0147141944617033 0.019306719303131104 0.004423586651682854 -6.359571125358343E-4 0.006097002420574427 0.0012175545562058687 -0.002395450137555599 -0.012340289540588856 -0.021183736622333527 2.057420351775363E-5 0.030526837334036827 0.011353742331266403 -0.019931472837924957
would 0.02390831708908081 -0.0043633258901536465 -0.017404770478606224 -0.01646682620048523 -0.02788688801229 0.0329437330365181 -0.011629658751189709 0.02292073331773281 0.006733410991728306 -0.008461836725473404 -0.01463389117270708 0.0036159101873636246 -0.02508172206580639 0.016250411048531532 -0.03385651856660843 -0.025427818298339844 0.012938679195940495 -0.017353009432554245 -0.04275127127766609 0.007411961909383535 0.01440009567886591 0.00430262740701437 -0.04995479807257652 0.019579941406846046 0.008923018351197243 0.01119381096214056 -0.026404229924082756 -0.028043337166309357 0.001508246874436736 -0.010973167605698109
handyman -0.016246071085333824 1.9486795645207167E-4 0.0057953656651079655 -0.004432105924934149 0.017911994829773903 -0.007778511848300695 -0.006223616190254688 -0.025560248643159866 -0.021452682092785835 0.017532775178551674 0.005240804515779018 0.007224475033581257 0.012609644792973995 -0.017506558448076248 0.0058132354170084 0.002515142085030675 0.008738103322684765 -0.016017362475395203 0.0038038394413888454 0.012317981570959091 0.01999366097152233 0.015062344260513783 -0.004119235556572676 -0.01492414902895689 -0.013821279630064964 -0.018520547077059746 0.008304682560265064 0.013502983376383781 -0.008325984701514244 0.0022150545846670866
exo -0.01324437651783228 -0.003395611187443137 0.006710113491863012 -0.007246645167469978 0.008099500089883804 0.02136264182627201 -0.0011817696504294872 0.00282976683229208 -0.009212079457938671 0.011706717312335968 0.010021524503827095 0.0014421677915379405 -0.013017450459301472 0.012167579494416714 0.002274251775816083 -0.01528068259358406 0.010512326844036579 -0.01440521515905857 -0.012992105446755886 0.002300463616847992 0.0102612916380167 -0.0013791455421596766 -0.019686855375766754 0.018071549013257027 0.006241523195058107 -0.0110555961728096 0.01142902672290802 -0.013547672890126705 0.010051722638309002 0.011514341458678246
you -0.01622372679412365 0.0030135000124573708 0.02711303159594536 0.015775024890899658 0.023957274854183197 -0.04218822717666626 0.017182936891913414 -0.054638251662254333 6.845451425760984E-4 0.02901708148419857 0.026020625606179237 -0.010036956518888474 -0.0026434098836034536 0.001451638643629849 0.027194568887352943 0.016513975337147713 -0.004532086197286844 -0.008413632400333881 0.03130584955215454 0.024088788777589798 -0.004526836331933737 0.012494119815528393 0.06074732542037964 -0.03687768429517746 0.005815407261252403 -0.026547713205218315 0.02117159217596054 0.02606685645878315 0.001440101070329547 9.54225892201066E-4
ii 0.015030235052108765 0.004436358343809843 0.010556518100202084 -0.011896595358848572 -0.007974126376211643 0.010194026865065098 0.007424722425639629 0.007246377412229776 -0.006066076457500458 0.012321963906288147 0.005723754409700632 -0.008334320038557053 0.003034266410395503 0.01601085625588894 -0.01682298257946968 -0.016468696296215057 0.0022933268919587135 0.01450880616903305 -0.013486837968230247 -5.718586617149413E-4 0.01970447227358818 6.284595292527229E-5 -0.01629585772752762 -0.0017043515108525753 0.004227690864354372 -0.009130964986979961 -0.01561380922794342 -0.016496645286679268 0.007550093345344067 0.0021680959034711123
give 0.013635651208460331 -0.003575993236154318 0.013514182530343533 -0.0039841593243181705 -0.006601276341825724 -0.010660242289304733 -0.005786384455859661 0.010101569816470146 -0.002334553049877286 -0.015240241773426533 -0.011876595206558704 0.01338547095656395 4.7248031478375196E-4 -0.017319558188319206 0.015305361710488796 0.015458241105079651 -0.012763065285980701 0.00844804011285305 0.011778865940868855 -0.012036432512104511 0.006359308026731014 0.010459226556122303 0.005216092802584171 0.007362424395978451 0.014692925848066807 -0.007587341126054525 0.012392918579280376 0.003731227247044444 0.003724240930750966 0.011378102004528046
markii 0.009847017005085945 -0.011664438992738724 -0.00820366945117712 -0.011235667392611504 0.004645759239792824 -0.008940985426306725 0.002496427856385708 0.005565773230046034 -0.0017197984270751476 0.0023096923250705004 0.003182788146659732 0.003312383545562625 -0.008949232287704945 -7.421679329127073E-4 -0.005167292896658182 -0.017535170540213585 9.531778050586581E-4 0.0029354882426559925 -0.009777532890439034 0.0023038373328745365 -0.01341442670673132 -0.00968228466808796 0.007820107974112034 0.005787387955933809 -0.007491290103644133 8.66993832460139E-6 0.013835852965712547 2.842166868504137E-4 -0.005575589835643768 0.009698075242340565
work -0.006338376086205244 -0.004393373150378466 -0.013258424587547779 -7.667480385862291E-4 -8.82220920175314E-5 0.011604073457419872 -0.003151818411424756 -0.0076255789026618 -0.0132445702329278 0.016261758282780647 2.9315208666957915E-4 -0.001673043123446405 0.014660201035439968 -0.006119875703006983 0.013506983406841755 -0.0012659693602472544 -3.347476740600541E-5 -0.00908425822854042 0.015685174614191055 0.0030478830449283123 -0.0014112754724919796 -0.013954832218587399 -0.0018750539747998118 0.00997189711779356 0.0016613653860986233 -0.005432197358459234 0.015764042735099792 0.012623794376850128 -0.01549987867474556 0.016719231382012367
nothing 0.0021257265470921993 0.009246353060007095 -0.0032363494392484426 -0.005900099873542786 -0.001483088475652039 0.0019515109015628695 0.009324943646788597 -0.016296764835715294 0.009067298844456673 0.00730443699285388 0.010472702793776989 -0.016495179384946823 -0.004550336394459009 0.007733909413218498 -0.012502279132604599 0.005932995583862066 0.011493234895169735 0.009745639748871326 -0.014143882319331169 -0.007624576799571514 -0.002898959442973137 0.001066685887053609 1.5533063560724258E-4 -0.004932577256113291 -0.002050721785053611 0.008830364793539047 -8.370773866772652E-4 -0.010712534189224243 0.004507607780396938 0.006451709661632776
paralysis -0.009802453219890594 -0.004935118369758129 -0.00792971532791853 -0.009509711526334286 -0.03517196699976921 0.0024907963816076517 0.014323011972010136 0.042255572974681854 -0.00723795173689723 -0.002943268045783043 -0.02113994210958481 0.01643681898713112 0.008847588673233986 0.0012160604819655418 -3.209799760952592E-4 -0.011968505568802357 -0.00860808789730072 0.011580083519220352 0.02495313622057438 -0.01557915285229683 0.018321901559829712 -0.015642603859305382 -0.010768163949251175 -0.005012104287743568 0.009400526061654091 -0.00993829034268856 -0.015140627510845661 0.020786456763744354 0.009942673146724701 -0.022621046751737595
is -0.004025834146887064 -0.011338398791849613 0.016301145777106285 0.004802334122359753 -0.003993123769760132 0.011414369568228722 -0.00990175362676382 0.005446624476462603 0.013351394794881344 0.01116388849914074 -0.013997825793921947 0.004234702792018652 -0.013485956937074661 -0.009521646425127983 -0.009687099605798721 -0.007879868149757385 -0.01404343731701374 -0.016489867120981216 0.00913852546364069 0.004922813735902309 0.01267225667834282 -0.013211582787334919 0.018403563648462296 -0.0036278595216572285 -0.012474738992750645 -5.286089144647121E-4 -0.002062602899968624 0.010046655312180519 0.004186498932540417 0.0027876105159521103
am 0.009042555466294289 -0.013216975145041943 -0.0028247637674212456 -0.009654553607106209 -0.015230705961585045 -0.0104082515463233 0.00883605144917965 0.008865881711244583 0.0029127236921340227 -0.014967401511967182 0.01219578180462122 0.0058508445508778095 0.006982244551181793 0.004858124535530806 -0.013523663394153118 -6.978380843065679E-4 -0.002757278038188815 0.01254544872790575 0.013542461208999157 0.0019186879508197308 -0.003676146734505892 -0.014503369107842445 0.008502420969307423 -0.009085632860660553 -0.011902078986167908 -0.009498333558440208 0.014200420118868351 -0.01607983373105526 0.008846296928822994 0.012637503445148468
prosthesis -0.01552758738398552 -0.01562246773391962 -0.004794636741280556 0.011045796796679497 -0.025410305708646774 0.0029969927854835987 -0.006135587114840746 0.02688155509531498 -0.010455497540533543 0.010692075826227665 8.107092580758035E-4 -0.01001637615263462 0.011721251532435417 0.009321541525423527 -0.005960287991911173 -0.023446181789040565 0.0032595612574368715 -0.013167214579880238 0.018268980085849762 -0.028683049604296684 0.022405367344617844 -0.005509149748831987 -0.008487360551953316 0.006387556903064251 0.009908845648169518 -6.117700831964612E-5 -0.007307001389563084 -0.009928238578140736 -0.014618828892707825 -0.013885123655200005
demonstration -0.0033130585215985775 -0.011041367426514626 6.75043324008584E-4 0.012782124802470207 5.476421792991459E-4 0.010810279287397861 -0.01577194221317768 0.01027258113026619 0.011203409172594547 -0.00881163775920868 -0.005677736829966307 0.005482414737343788 0.002540714805945754 0.007851158268749714 -0.009960070252418518 -0.015079199336469173 -0.00286550959572196 0.003133218502625823 -0.007790300063788891 -0.00502717075869441 -0.013919648714363575 -5.206101341173053E-4 -0.00946970097720623 -0.004659557715058327 0.0010943915694952011 -0.015352537855505943 0.0054708439856767654 -0.012850869446992874 0.0080289077013731 -0.0046263327822089195
thats -0.009936710819602013 0.014971441589295864 -0.009136238135397434 -0.011148312129080296 -0.005966714583337307 0.003004875034093857 -1.1915178038179874E-4 -0.002796703716740012 0.0014716339064761996 -0.011215147562325 0.012952725403010845 0.002614329569041729 0.001256828662008047 0.008114119060337543 0.01145979855209589 -0.007069881539791822 0.014562866650521755 0.007339431904256344 -0.014240283519029617 0.0020731985569000244 -0.015413817949593067 0.003024691017344594 0.015176203101873398 -0.011263612657785416 -0.0011753998696804047 0.008832557126879692 -0.0018669884884729981 -0.007925196550786495 -0.014056607149541378 0.005371495150029659
amputation -0.015123456716537476 0.009430499747395515 0.012399593368172646 3.15916258841753E-4 -0.026021674275398254 -0.009550018236041069 -0.0034324917942285538 -4.364354535937309E-4 0.008867249824106693 0.003753382246941328 -3.927509533241391E-4 -0.007413898594677448 0.023673076182603836 0.007356354966759682 -0.006835771258920431 -0.02427145466208458 -0.013026014901697636 -0.006161863915622234 0.031725842505693436 -0.025387324392795563 0.008284918032586575 -0.018091628327965736 -0.020096026360988617 -0.0010156360222026706 -0.0026336824521422386 -0.03146856650710106 -0.007778794039040804 -5.792428273707628E-4 -0.006319977343082428 -0.0014647183706983924
cut -0.013063007965683937 -0.01592046208679676 -0.005343601573258638 -0.004219453781843185 0.005017932038754225 0.010520544834434986 -2.3498102382291108E-4 -0.004548617638647556 0.011930436827242374 0.014988798648118973 -0.016245625913143158 -0.014937374740839005 -0.005863630212843418 -0.004950982518494129 -0.00381127605214715 -0.009803717955946922 -9.199422202073038E-4 -0.0012473162496462464 0.012179268524050713 -0.010171886533498764 -0.009781167842447758 0.010137014091014862 -0.01196325570344925 -0.0036763944663107395 0.0019106878899037838 0.0024468381889164448 -0.011300318874418736 0.015086258761584759 -0.00935304630547762 4.714017268270254E-5
goodbye 0.011297167278826237 -0.0139719033613801 -0.013835876248776913 -0.010850011371076107 0.009464669972658157 0.011843818239867687 -0.011554419063031673 3.547244123183191E-4 0.0029204776510596275 0.0038367672823369503 -0.002208976773545146 -0.014003153890371323 0.01598198711872101 0.013687530532479286 -0.005128188524395227 0.008847116492688656 -0.003318432252854109 -0.015899311751127243 -0.006100387778133154 0.006693440489470959 -0.01024908758699894 0.0052126734517514706 0.0015963471960276365 7.304326863959432E-4 0.00946798361837864 -0.014772090129554272 0.002723576733842492 0.012647377327084541 0.0045244996435940266 -0.01593080721795559
products -0.05353506654500961 0.04661004617810249 0.0873987004160881 0.015479502268135548 0.02998603694140911 -0.11807645857334137 -0.008739295415580273 -0.06756851077079773 -0.049130044877529144 0.029193049296736717 0.04000438004732132 -0.007539548445492983 0.04682242497801781 -0.012449938803911209 0.09874449670314789 0.05202246829867363 -0.043302614241838455 0.013623584993183613 0.09135318547487259 -0.028283486142754555 -0.07576367259025574 -0.00690171355381608 0.11064394563436508 -0.032349489629268646 -0.019861772656440735 -0.0627664253115654 0.029946718364953995 0.07232306152582169 0.02838711626827717 -0.02054493874311447
how -0.011315050534904003 0.010435945354402065 -0.007319939322769642 -0.011043965816497803 -0.00612510833889246 0.006327210459858179 -8.943406865000725E-4 -0.01501081045717001 0.014479250647127628 -0.008324401453137398 -0.008610595017671585 0.0013999049551784992 -0.01566229574382305 -0.007774088531732559 0.019386708736419678 0.0020297446753829718 0.009132306091487408 0.015560333617031574 0.015725504606962204 0.006777587812393904 -0.015040265396237373 -0.0036599861923605204 0.01600033789873123 6.609716801904142E-4 8.647881913930178E-4 0.0023389749694615602 -0.00870481040328741 -0.013916095718741417 -0.0072312927804887295 -0.01232860703021288
see 0.012252767570316792 -0.015158548951148987 0.014204518869519234 -0.013829417526721954 2.7397123631089926E-4 -0.003030566731467843 0.01157882995903492 -0.01059823390096426 0.01042043324559927 -0.005466411355882883 0.008284654468297958 -0.0018298444338142872 -0.015727272257208824 0.014751517213881016 0.010150975547730923 0.00616449723020196 0.014636248350143433 0.01053819339722395 -0.013828640803694725 -0.013731717132031918 0.008510587736964226 -0.0017732016276568174 -3.0636036535725E-4 0.004543804097920656 -0.01477036066353321 -0.007889870554208755 -0.015458760783076286 -0.004563489928841591 -0.0144956661388278 0.00401500565931201
does -0.009575770236551762 -0.0022209808230400085 -0.012443182058632374 0.00886484980583191 -0.012063400819897652 0.02287229336798191 0.00919671542942524 0.01921040192246437 -0.0024278461933135986 0.014240065589547157 0.00667695514857769 0.02246711403131485 -0.00735612353309989 0.0025758708361536264 -0.011628988198935986 0.001489193644374609 -0.003188555361703038 -0.014843171462416649 -0.018814606592059135 -0.008090200833976269 0.002916682278737426 0.008365479297935963 -0.02131381444633007 0.0069671208038926125 0.001447988674044609 -1.6925018280744553E-4 -4.612613411154598E-4 -0.011763572692871094 0.00905054621398449 -0.017706766724586487
prosthetics -0.027912812307476997 -0.00862643402069807 -0.010810288600623608 -0.002060442930087447 -0.004739013500511646 -0.021871699020266533 0.018207727000117302 0.021050456911325455 0.006414281670004129 0.019965635612607002 -0.0024716565385460854 -0.014281753450632095 0.008556217886507511 -0.00811796449124813 -0.012024166993796825 -0.0063876137137413025 -0.01585957780480385 0.005855967756360769 0.028437351807951927 -0.023435411974787712 2.7334067272022367E-4 -0.016410598531365395 -0.012782422825694084 0.008422364480793476 -0.010639989748597145 -0.031089484691619873 0.012791960500180721 0.003038348164409399 6.014924147166312E-4 -0.023094868287444115
get -0.008296631276607513 5.670143873430789E-4 -0.017604388296604156 -0.014878771267831326 -0.012156578712165356 0.009449861012399197 -0.014722316525876522 0.02343376912176609 -2.403141843387857E-4 -0.0011638444848358631 -0.0035220093559473753 0.004397990647703409 0.001248049084097147 -0.010661821812391281 -0.021632838994264603 -0.0174705907702446 -0.004611043259501457 -0.004307145718485117 -0.002445102669298649 1.3351775123737752E-4 0.01500234566628933 0.007106814533472061 -0.020197629928588867 0.012454792857170105 0.011547654867172241 0.011701786890625954 -0.0011991915525868535 -0.009938468225300312 0.009287919849157333 -0.007454319857060909
have 0.007179067004472017 -0.011052756570279598 -0.01836041547358036 0.003810045775026083 -0.0058106426149606705 -0.015868114307522774 -0.013729089871048927 0.003836891381070018 -0.002868005307391286 0.0020265006460249424 -0.013684650883078575 0.009483745321631432 0.005084144417196512 -0.017425093799829483 -0.012710029259324074 -0.005628231912851334 -0.014760764315724373 -0.015128063969314098 -1.748175418470055E-5 -0.016057467088103294 0.018695462495088577 -0.01171158067882061 -0.008990638889372349 -0.01047930121421814 0.012115400284528732 -0.03014999069273472 0.01627906784415245 0.002457429189234972 0.0021483872551470995 0.002926743356510997
exoskeleton 0.005590151529759169 -0.0170447938144207 0.005645847413688898 -0.0013516123872250319 -0.014725892804563046 0.01365649327635765 0.012615064159035683 0.01563834771513939 -0.0116190230473876 0.0052084047347307205 -0.0010226049926131964 0.013549532741308212 -0.0037224499974399805 0.008834287524223328 -0.017911115661263466 -0.015385178849101067 0.008039827458560467 -0.0029184056911617517 0.017274772748351097 0.0029915578197687864 0.002281913300976157 0.003061420051380992 -0.024748176336288452 0.011903432197868824 0.0012696686899289489 -0.02785726636648178 -0.01640348881483078 0.011821708641946316 0.010862003080546856 -0.014406823553144932
close -0.01574813388288021 -0.0023857099004089832 0.009050454944372177 -0.005314947571605444 -0.0011970849009230733 0.003269642824307084 5.178849096409976E-4 -0.0019132794113829732 0.013533318415284157 0.005759837571531534 -0.006888179574161768 8.003394468687475E-4 -0.003920817747712135 -0.00777496537193656 -0.01612568274140358 0.009954828768968582 0.012528112158179283 -0.011631598696112633 -0.014338246546685696 0.004889150615781546 0.0022923352662473917 -0.01337556540966034 0.007780421059578657 0.006052827928215265 -0.010867370292544365 0.006957729812711477 -0.008189869113266468 0.0011187216732650995 0.008047932758927345 0.015839818865060806
hand 0.07940569519996643 0.06560627371072769 0.16646163165569305 0.017469998449087143 0.1665029078722 -0.07846958935260773 -0.0041516246274113655 -0.22636620700359344 -0.03149459511041641 0.11990519613027573 0.019749388098716736 -0.08983369916677475 0.11581840366125107 -0.05608212947845459 0.17468616366386414 0.05727628991007805 -0.10385894030332565 -0.04394872114062309 0.1130668967962265 0.005609916057437658 -0.07241372764110565 0.10908080637454987 0.17968501150608063 -0.16966857016086578 0.06368331611156464 -0.008524954319000244 0.11088938266038895 0.07196395099163055 -0.04598570987582207 0.054648060351610184
a -0.01050945557653904 0.006184621248394251 -0.00604446604847908 -0.015090045519173145 0.01757725700736046 -0.016609834507107735 -0.006395887117832899 -0.010827453806996346 -0.013790921308100224 0.012515215203166008 0.012020312249660492 -8.976233657449484E-4 0.00662251329049468 0.003516247496008873 -0.00344348163343966 7.954389438964427E-4 -0.007687014527618885 -0.00964211393147707 0.011904248967766762 -0.0028698276728391647 -0.012951986864209175 0.007097968831658363 -0.00506563251838088 -0.008885359391570091 0.004837006330490112 -0.0033145167399197817 -0.00707014137879014 0.008675181306898594 -0.006829260382801294 0.0037027685903012753
product -0.028451915830373764 0.033968858420848846 0.04108274355530739 -0.002363029168918729 0.018554983660578728 -0.06091552600264549 -0.011188168078660965 -0.034698035567998886 -0.03254992514848709 0.0015062803868204355 0.02725261263549328 -0.01604193076491356 -1.9332548254169524E-4 8.942726999521255E-4 0.0291228536516428 0.030717819929122925 -0.005767333786934614 0.014786038547754288 0.024221640080213547 -0.0135939447209239 -0.048441722989082336 -0.009196951985359192 0.05738576874136925 -0.030406052246689796 -0.00411544693633914 -0.00924033671617508 -0.0014221706660464406 0.020837314426898956 0.011602554470300674 -0.009180393069982529
sell -0.008443440310657024 -0.0010036288294941187 0.009374226443469524 0.0045984061434865 -0.01734725944697857 0.010396386496722698 -0.003041946329176426 0.00835607573390007 0.013058513402938843 0.016258014366030693 0.011096697300672531 0.004369400441646576 0.014032403007149696 6.810278864577413E-5 0.006796067114919424 6.00402127020061E-4 0.00872676819562912 -7.75830470956862E-4 0.02356373891234398 -0.019834095612168312 0.011105074547231197 0.009353933855891228 0.006136896088719368 0.003785904496908188 0.007909411564469337 -0.018357792869210243 0.004835895262658596 0.011002233251929283 -0.007384352385997772 0.0014483132399618626
i 0.03104773722589016 -0.018547771498560905 -0.031567562371492386 -0.013045678846538067 -0.0312780924141407 0.04093243181705475 0.006405736785382032 0.05638713389635086 0.03362731263041496 -0.03669719025492668 -0.03827451914548874 0.03258557245135307 -0.013302081264555454 0.008505983278155327 -0.0468030609190464 -0.04262799024581909 0.05142641440033913 -0.020825516432523727 -0.03554339334368706 -0.004306044429540634 0.01752506010234356 0.011647661216557026 -0.0663003921508789 0.05383279174566269 0.0020897099748253822 0.015237577259540558 -0.03548814356327057 -0.03193610906600952 -0.013198157772421837 0.006958764046430588
menu -0.012002667412161827 0.005616717506200075 0.010412255302071571 -0.010631224140524864 -0.015384811908006668 0.010820304043591022 0.006287217605859041 0.00464892340824008 0.013907743617892265 -0.011921578086912632 0.005276577081531286 -0.007789424620568752 0.008224934339523315 0.0044449674896895885 -0.02041156403720379 -0.006312805227935314 0.0012758680386468768 3.73922724975273E-4 0.008579524233937263 -0.012154605239629745 -0.0027901160065084696 0.014033402316272259 -0.024685710668563843 0.01595109887421131 0.017340822145342827 0.014414268545806408 0.002428412437438965 0.01163347065448761 -0.006932524032890797 -0.006146484985947609
people -0.01113478560000658 -0.014059951528906822 0.009281130507588387 -0.006438767071813345 -0.01674877479672432 0.003364847507327795 0.0031552782747894526 -0.006502754054963589 -0.004631171468645334 0.00363919697701931 0.008902705274522305 -6.785300211049616E-4 0.007985071279108524 0.003700805362313986 -0.014169366098940372 -0.0048241885378956795 -0.0017176724504679441 0.014804664999246597 0.006272281054407358 -0.015275226905941963 0.011719082482159138 -0.004187489859759808 -0.0032200298737734556 -7.421754999086261E-4 0.0030714727472513914 -0.009735750034451485 -0.0016947872936725616 0.004319545812904835 -0.013147993013262749 -0.008872861042618752
the 0.013605262152850628 0.0022046687081456184 -0.014933452941477299 -0.01376409363001585 0.005520024336874485 0.007031201384961605 -0.002404774073511362 0.012624518945813179 -0.014999599196016788 -6.098519079387188E-4 -0.007732045836746693 0.012542156502604485 0.00704519497230649 0.0036015247460454702 0.016152476891875267 -0.0068243322893977165 0.011866075918078423 -0.0032320660538971424 0.012116617523133755 -0.005867861211299896 0.01584368571639061 -0.015503785572946072 -0.0028611337766051292 0.002027865732088685 -1.5360384713858366E-4 0.012656187638640404 0.004955798387527466 -0.012187727726995945 0.005433368030935526 -0.015604994259774685
amputations -0.013733279891312122 0.009506125003099442 0.011536355130374432 -0.01507650502026081 -8.329564006999135E-4 -0.0052645509131252766 0.015377004630863667 -0.004376022610813379 -0.004167882259935141 -6.124298088252544E-4 -0.004621763247996569 0.009949663653969765 0.009244883432984352 0.013603185303509235 -0.006392416078597307 0.0017837248742580414 -0.015321463346481323 0.012249389663338661 0.012019000016152859 0.009535454213619232 -0.007899372838437557 0.0017940563848242164 0.0100567527115345 -0.006314855068922043 -0.002642788691446185 -0.016116799786686897 -0.009299916215240955 0.015060334466397762 -0.010132985189557076 0.011741507798433304
removed 0.004238412715494633 -0.0176482405513525 -0.0012006470933556557 0.0010921598877757788 -0.01712028682231903 -0.010288406163454056 0.016353284940123558 0.021776661276817322 -0.006101573817431927 0.006418311037123203 -0.003545434447005391 -0.01470479927957058 -0.015097747556865215 -0.0011676043504849076 -0.001872645691037178 -0.0024949233047664165 0.015553250908851624 0.004361549858003855 0.01745600625872612 -0.010160359553992748 0.013611038215458393 -0.009490037336945534 0.002203528303653002 -0.0027185918297618628 0.009260477498173714 0.004873448982834816 0.014745868742465973 -0.0013870273251086473 0.0020049074664711952 0.00344888330437243
thank -0.003904700977727771 0.013647501356899738 -0.008094617165625095 -0.014779924415051937 0.002571701304987073 0.0149391395971179 -0.0023586966563016176 -6.016759434714913E-4 -0.005226219072937965 0.016408687457442284 -0.014263145625591278 -0.005894431844353676 0.008473147638142109 -0.012275020591914654 0.013686333782970905 0.0030137752182781696 -0.011510534211993217 0.011182012967765331 -0.01484004594385624 -0.005135517567396164 0.011703988537192345 -0.011372638866305351 0.004896803293377161 -0.016639823094010353 -0.01577671617269516 0.0028270503971725702 -0.008132986724376678 0.011062227189540863 0.004999999888241291 -0.00518525717779994
information -0.0027761885430663824 0.023039760068058968 0.023945380002260208 -0.01358865387737751 0.010997048579156399 -0.02956058457493782 -0.014111478812992573 -0.010618005879223347 -0.01631552167236805 0.015826815739274025 0.007692271377891302 0.005815265234559774 -0.009215153753757477 -0.007622483652085066 0.02736666426062584 -0.008141987025737762 -0.008211301639676094 -4.1821744525805116E-4 0.018009822815656662 0.012382963672280312 -0.01752951368689537 -0.0023450134322047234 0.006905033253133297 0.009233788587152958 0.006827607750892639 0.0025238913949579 -0.0023612622171640396 0.018608806654810905 0.01342912670224905 0.01164308749139309
to 0.001096139894798398 -0.01022866927087307 -0.027983948588371277 -0.016358012333512306 -0.027563372626900673 0.021447008475661278 0.014115720987319946 0.027286577969789505 0.015245405025780201 -0.019275344908237457 -0.020086422562599182 0.010180363431572914 -0.022532369941473007 0.001801969949156046 -0.027672532945871353 -0.025605106726288795 0.031523123383522034 0.009656713344156742 -0.02268228866159916 -0.005511284805834293 0.016765058040618896 -0.003934302367269993 -0.054420847445726395 0.035624805837869644 0.010118289850652218 -0.0017664426704868674 -0.022105738520622253 -0.025300676003098488 -0.009340922348201275 0.006866307929158211
visualization 0.007662113755941391 0.0018550637178122997 -0.0025935496669262648 -0.0020180270075798035 0.005593213718384504 -0.01051194965839386 -0.005329982843250036 -4.4411682756617665E-4 0.013375814072787762 6.806699675507843E-4 0.002194659784436226 -0.012303418479859829 -0.007029149681329727 0.0050301868468523026 0.011268463917076588 -0.010823135264217854 0.0033857424277812243 0.004200958646833897 -0.010376744903624058 -0.00962360855191946 -0.008836101740598679 -0.014100287109613419 -0.010173650458455086 0.008446219377219677 -0.0063397507183253765 -0.01628069579601288 0.003562150290235877 -0.005225767381489277 -0.009591287933290005 -0.012527954764664173
buy 0.008532033301889896 -0.015691202133893967 -0.0025158149655908346 -0.016140930354595184 -0.016026316210627556 0.002588217845186591 0.0029817710164934397 0.01088571548461914 0.005708697251975536 0.0030314403120428324 -0.013300464488565922 -0.0027947425842285156 0.007005985826253891 -0.00887295976281166 -0.017253151163458824 -0.013297022320330143 0.02633683569729328 -0.003881393000483513 -0.018347540870308876 0.00386526295915246 -0.002871297998353839 -0.005735608749091625 -0.0031858074944466352 0.010427232831716537 0.004397042561322451 0.0034090266562998295 -0.013111862353980541 -0.024408916011452675 0.006372843403369188 -0.006874874234199524
tell 0.007416059263050556 0.004205743782222271 0.01390540599822998 0.005732776131480932 0.02028205245733261 -0.04020613804459572 -0.008523566648364067 -0.048241134732961655 -0.007650993764400482 0.02171630598604679 0.010091664269566536 -0.025464950129389763 0.02121271938085556 -0.021017909049987793 0.028366168960928917 0.0030382575932890177 -0.011022599413990974 0.02451971545815468 0.00811301451176405 -0.009836319833993912 -0.006879190448671579 -0.007499010302126408 0.0352429524064064 -0.03379949927330017 0.017013031989336014 -0.014994633384048939 0.02159012481570244 -0.0064592198468744755 0.012422380968928337 0.007312153931707144
available 0.012012244202196598 -0.026408154517412186 -3.0614464776590466E-4 0.007380615919828415 -0.025398695841431618 0.018277449533343315 0.009170787408947945 0.0248695220798254 0.019509676843881607 0.010732226073741913 -0.011298245750367641 0.004175312351435423 0.0060793329030275345 -0.010593781247735023 -0.03517816960811615 -0.005662919022142887 0.012219734489917755 -0.020870639011263847 -0.020463591441512108 -0.023998137563467026 0.032969944179058075 0.006571292411535978 -0.04818330705165863 0.021329157054424286 0.005465308204293251 -0.0014742218190804124 -0.0014914588537067175 0.005031045060604811 -0.01655523106455803 -0.011896605603396893
do -0.0013583864783868194 -0.0208098404109478 -0.017636777833104134 0.020265918225049973 -0.011013192124664783 -0.018642039969563484 -0.0016185884596779943 -0.017082806676626205 0.013687086291611195 0.0026185668539255857 0.027295779436826706 0.019988320767879486 0.024829508736729622 -0.017111293971538544 0.02215971238911152 0.0012692267773672938 -8.767590625211596E-4 -0.01186692900955677 0.017836445942521095 0.001224579638801515 0.02747674658894539 0.02183372713625431 -2.8546928660944104E-5 -0.03131615370512009 0.0038676189724355936 -0.02686164528131485 0.02055617980659008 -0.019420459866523743 -0.005155754275619984 0.0023113267961889505
good 0.012448394671082497 -0.001671628444455564 -0.011905604042112827 0.01209085714071989 -0.001261541387066245 0.002088828943669796 -0.012207920663058758 0.002025999128818512 0.006471418309956789 -0.014418628998100758 0.012400119565427303 0.013006831519305706 0.0036734314635396004 -0.009825094603002071 -0.003128474811092019 -0.015138732269406319 0.009893415495753288 0.004050749354064465 -0.011998595669865608 -0.005901644937694073 -0.011450410820543766 -5.131078069098294E-4 0.00923127681016922 8.688094676472247E-4 0.0038919150829315186 0.011412955820560455 -0.004662578925490379 0.014263562858104706 8.037836523726583E-4 7.207455928437412E-4
amputees -0.012036114931106567 0.00991697795689106 -0.009705985896289349 0.012548829428851604 -0.013613242655992508 -0.016185343265533447 0.0035290694795548916 0.016852576285600662 -0.011342791840434074 0.0016182977706193924 0.0022829000372439623 -0.01832536794245243 0.016141682863235474 0.004190452396869659 0.008301040157675743 -0.019825628027319908 -0.019504234194755554 -0.0033184210769832134 0.03290759027004242 -0.010737436823546886 0.014001570641994476 -0.011880340054631233 -0.0015085129998624325 -0.01750103384256363 0.0015654314775019884 -0.015966635197401047 0.011675753630697727 0.019120270386338234 4.804704512935132E-4 -0.025608843192458153
that 0.016244273632764816 -0.0017000490333884954 0.010008977726101875 -0.011129533872008324 -0.009726906195282936 -0.0026022393722087145 0.00605908315628767 0.012384753674268723 0.0029500573873519897 0.009528959169983864 0.0022141425870358944 -0.009755769744515419 -0.016020100563764572 -0.0012929763179272413 -0.002382569247856736 0.008111827075481415 -0.010255293920636177 0.013654408045113087 -0.00819438137114048 -0.007225319277495146 -0.007763854693621397 -0.0029939524829387665 0.0035594264045357704 -0.013315986841917038 -0.003102710470557213 4.958260979037732E-5 0.00417968537658453 -0.0017814054153859615 -0.004781918600201607 -0.007008048705756664
solution -0.004208693280816078 -0.01487099938094616 -0.009914468973875046 -0.005364900920540094 -0.01175594236701727 -0.018649689853191376 -6.773897330276668E-4 -0.0061511266976594925 -0.004378982819616795 0.0050383140332996845 -0.006738037336617708 0.010460997931659222 -0.006004746537655592 0.010625635273754597 0.01893647201359272 0.006115046329796314 -0.007858560420572758 -0.01479402743279934 0.014156484976410866 0.012049371376633644 0.006201169453561306 0.008081830106675625 0.013886203058063984 0.0015242310473695397 0.006805442739278078 0.007840790785849094 -0.002789607271552086 -0.01118322741240263 0.007221602834761143 0.006701796315610409
me -0.005517812445759773 0.04130133241415024 0.07827285677194595 -0.005422831512987614 0.0592707023024559 -0.08926727622747421 0.005607799161225557 -0.12897974252700806 -0.021974679082632065 -0.002706414321437478 0.016317196190357208 -0.04991236701607704 0.02711229957640171 0.009784705936908722 0.08599613606929779 0.0665963888168335 -0.04908963665366173 0.045795269310474396 0.005872856825590134 -0.0010359514271840453 -0.06289418041706085 0.0070839631371200085 0.08213403820991516 -0.016357693821191788 0.022666998207569122 0.027325714007019997 0.031674306839704514 0.020124580711126328 0.04686930030584335 0.02758887968957424
details -0.008142598904669285 0.007432020269334316 0.007896387949585915 0.010846566408872604 -0.019425546750426292 0.00566439563408494 0.010998634621500969 0.025563472881913185 -0.013124724850058556 0.0030808155424892902 0.009803944267332554 -0.004741047043353319 -0.018169935792684555 0.001680747140198946 -0.021656407043337822 -0.006584621965885162 0.0015718493377789855 0.0011439520167186856 -0.011837284080684185 0.007581923622637987 -0.007282293867319822 -0.016082679852843285 0.006832597311586142 0.012157656252384186 0.009398618713021278 -0.005268320441246033 -0.004957765340805054 0.010720114223659039 -0.008961861953139305 0.01117827370762825
info 0.006677589844912291 0.024397531524300575 0.024456480517983437 -0.012640061788260937 0.00701772840693593 -0.0024302881211042404 -0.008361089043319225 -0.01584290713071823 -0.020435601472854614 0.0062466636300086975 0.015619329176843166 0.005543667357414961 -0.00956991408020258 0.003927153069525957 0.01381102204322815 0.001821849960833788 -0.027915755286812782 8.667052607052028E-4 -0.004198666196316481 -0.006011340767145157 -0.02029636688530445 0.010793826542794704 0.02708645723760128 0.006826110649853945 -0.005529232323169708 -0.013928264379501343 0.005394880659878254 -8.458700613118708E-4 0.0072828070260584354 -0.010311391204595566
all 0.004693073686212301 0.009416425600647926 0.004402275662869215 -0.001602844102308154 0.01681073009967804 -0.00832540076225996 -0.011627035215497017 -0.002125900937244296 0.003626916790381074 -0.011941278353333473 -0.006559403147548437 -0.02068517915904522 -0.010316460393369198 -0.004166531842201948 -0.004743282683193684 -8.218343136832118E-4 -0.0011396954068914056 0.007202873472124338 0.011097604408860207 -0.015852270647883415 0.001520509016700089 0.00821618176996708 0.002942232880741358 0.0026136361993849277 -0.013546541333198547 -0.007931921631097794 0.01970956288278103 0.0028798370622098446 0.010758011601865292 -0.009390770457684994
like 0.009701276198029518 -0.009823724627494812 -0.027946343645453453 -0.014761265367269516 -0.00797434151172638 0.0231814906001091 0.007405957672744989 0.03220197185873985 0.0274118073284626 -0.026340922340750694 -0.010891005396842957 0.02037348598241806 -0.008561506867408752 -0.008945480920374393 -0.05021573603153229 -0.008749913424253464 0.03962254896759987 0.0035118127707391977 -0.03778081759810448 -0.01037245150655508 0.004765513818711042 -0.00850876234471798 -0.05724789574742317 0.023770591244101524 -0.014122837223112583 0.010798436589539051 -0.01383148692548275 -0.026735950261354446 -0.015094415284693241 -0.0078018708154559135
need -0.009909718297421932 0.008988611400127411 -5.293811555020511E-4 -0.006403543520718813 0.0024008587934076786 -0.0016646909061819315 0.004068030044436455 0.012684893794357777 0.010851573199033737 0.0029477609787136316 0.014103320427238941 -0.008967306464910507 0.015720129013061523 -0.009480470791459084 -0.007806063164025545 -0.015247268602252007 0.0069940173998475075 -0.010532532818615437 -0.016542896628379822 0.001956603256985545 0.00401338143274188 -7.811997784301639E-4 -0.0028768673073500395 -0.011756065301597118 -0.0018081307644024491 -0.004206071607768536 0.0049949148669838905 0.013109398074448109 -0.015106278471648693 0.014140489511191845
solutions -0.05236562341451645 0.028780680149793625 0.09445958584547043 0.030723530799150467 0.05111563950777054 -0.1303369700908661 0.015461523085832596 -0.10161864012479782 -0.06306124478578568 0.050482068210840225 0.028182893991470337 -0.025270745158195496 0.061711039394140244 -0.026968708261847496 0.10228272527456284 0.0400378480553627 -0.06772451847791672 0.03683094680309296 0.08842898160219193 -0.0071875122375786304 -0.08641611784696579 -8.549214689992368E-4 0.11494002491235733 -0.04436348006129265 -0.029174568131566048 -0.054964013397693634 0.04453962668776512 0.0794164165854454 0.04528003931045532 -0.019466521218419075
please 0.004572383128106594 -0.008887766860425472 -0.00123846426140517 0.005700960289686918 0.0013738136040046811 -0.009349719621241093 -0.015564723871648312 5.532579380087554E-4 -0.011315397918224335 -0.001048715435899794 -0.002312897937372327 -0.0027156893629580736 0.0062153213657438755 -0.001164573011919856 0.013089273124933243 0.003962659742683172 -0.012722784653306007 -0.013791318982839584 0.012010723352432251 -0.002654396230354905 0.010994215495884418 0.011714855208992958 0.005851782858371735 -0.01341300830245018 -0.016143769025802612 0.009353285655379295 0.007372467312961817 9.013321832753718E-4 0.015371758490800858 0.01539479847997427
finished -0.008921290747821331 -0.014892322942614555 0.004990385379642248 -0.0017426471458747983 0.007209875620901585 0.007180748973041773 0.008458992466330528 0.0032426179386675358 0.00557660311460495 -5.285174120217562E-4 -0.011296967975795269 -0.01571987196803093 0.002401250647380948 -0.0030505997128784657 -0.009249227121472359 -0.0017305960645899177 -0.01068778708577156 -0.016028359532356262 0.0050627849996089935 0.0093159144744277 -0.003914319910109043 0.008112013339996338 0.013723175041377544 0.0032830776181071997 -0.0019058805191889405 -0.012893136590719223 -0.01599564217031002 0.012230083346366882 0.0053248330950737 -0.009215778671205044
list -0.005716763436794281 0.004163109697401524 -0.0134947644546628 0.0015973672270774841 0.01108037680387497 0.02621506154537201 0.004287421703338623 0.029707444831728935 -0.01341809332370758 -0.010432933457195759 -0.02366490289568901 0.010953121818602085 0.009389745071530342 0.015389601700007915 -0.02360432595014572 -0.010536800138652325 -0.0014314446598291397 -0.019086068496108055 -0.006513763684779406 -0.010138852521777153 0.020125780254602432 0.006868530996143818 -0.03453346714377403 8.735783048905432E-4 0.01927575096487999 -0.007460165303200483 -0.007419586181640625 6.236124900169671E-4 -0.019664039835333824 -0.02146870084106922
done 0.007448649033904076 0.009859802201390266 -7.912397268228233E-4 0.00569934630766511 0.006871283054351807 0.01501558069139719 -0.0120796924456954 -0.015579737722873688 -0.005808426067233086 0.016065087169408798 0.011050829663872719 -0.010716692544519901 0.008364144712686539 0.011670416221022606 -0.004482388962060213 -7.517660560552031E-5 0.007126961834728718 -7.869555265642703E-4 0.0020591793581843376 -0.009054367430508137 -0.0013961847871541977 -0.0067727589048445225 -0.005578072275966406 -0.0030033488292247057 -0.007366258651018143 0.014642919413745403 0.01341220922768116 -0.0053429012186825275 0.01088621374219656 -0.00573964137583971
catalogue -0.015971921384334564 3.5934237530454993E-4 0.0044942582026124 0.015678122639656067 8.850152371451259E-4 -0.035997968167066574 -4.4475944014266133E-4 -0.0359833724796772 -0.022298164665699005 0.015710830688476562 0.015367736108601093 0.0027625984512269497 0.0032657452393323183 -0.0027867835015058517 0.014544897712767124 0.025611966848373413 -0.026566047221422195 -0.001868526334874332 0.021804330870509148 -0.008330343291163445 -0.014433160424232483 0.006753539200872183 0.04417651519179344 0.006830619648098946 -0.014841574244201183 -0.009067565202713013 0.0036447381135076284 0.019808530807495117 0.0026457607746124268 0.0014041136018931866
hanydman -0.0061394996009767056 0.006288453470915556 -0.015462186187505722 -0.01112603023648262 0.008807899430394173 -0.011758939363062382 -0.014716681092977524 -0.012659203261137009 -0.011894785799086094 -0.013194958679378033 -0.00220413482747972 0.011725321412086487 0.012198005802929401 0.010069815441966057 0.01658848486840725 0.01332346722483635 -0.002621815539896488 -4.92745777592063E-4 0.011405560187995434 0.013887356035411358 -0.002708897925913334 0.0016393855912610888 0.00889963936060667 0.011203170754015446 0.01460050605237484 -0.0066724661737680435 -0.01113851834088564 -0.015286511741578579 -0.0022762115113437176 -0.004477594047784805
some 0.004187364596873522 -0.005838374141603708 -0.005830645561218262 0.01278397161513567 0.0019187969155609608 -0.0017406817059963942 0.014062393456697464 0.007350785657763481 0.004034652840346098 -0.0014525586739182472 0.014404148794710636 0.015006553381681442 -0.012087159790098667 0.01208412367850542 0.009307721629738808 0.00787298008799553 -0.01382327638566494 -0.015033427625894547 -6.723606493324041E-4 0.0077343592420220375 0.01537122018635273 -8.408629219047725E-4 0.012293373234570026 -0.004400182981044054 -0.009406673721969128 4.845400108024478E-4 -0.012929352931678295 0.008240146562457085 -0.008554861880838871 0.00792056042701006
no -0.0033299410715699196 -0.0033602085895836353 0.0016507157124578953 -0.00403395714238286 -1.4283593918662518E-4 -0.01924668811261654 0.0033079718705266714 -0.0021835900843143463 -0.01649354211986065 -0.01524701900780201 -0.01088038831949234 -0.013263542205095291 -0.00662347162142396 0.0031104895751923323 -2.9794551664963365E-4 -0.008130345493555069 0.007990831509232521 0.010693899355828762 0.010626126080751419 0.0014618347631767392 -0.005914386361837387 0.0025510312989354134 -0.00678896764293313 -0.002041727537289262 -0.004984349478036165 0.004667847417294979 -0.010045318864285946 -0.008147572167217731 0.0020229292567819357 0.005449635908007622
needed 0.004419409669935703 -0.003229287685826421 0.011536643840372562 0.0022814120166003704 -0.008820882998406887 0.014865973964333534 -0.009542331099510193 0.0012632444268092513 -0.01641956903040409 -0.011991823092103004 -0.014695843681693077 0.00884514581412077 -0.009897171519696712 0.001400483539327979 0.007366993464529514 -0.008923619985580444 -0.010825793258845806 -0.013260243460536003 0.0165942944586277 0.009261793456971645 0.002717076102271676 -0.01362417358905077 0.01404071319848299 0.009832838550209999 -0.013086738996207714 0.015653764829039574 -8.390845032408834E-4 0.004605904687196016 0.006210853811353445 -0.012712947092950344
show 0.006114618387073278 0.04286755621433258 0.04509442672133446 0.012407759204506874 0.04945695772767067 -0.07870155572891235 -0.027028175070881844 -0.12891148030757904 -0.02614680491387844 0.02600017562508583 0.05473319813609123 -0.034391988068819046 0.007743088062852621 -0.027650872245430946 0.11149630695581436 0.06442964822053909 -0.0355527438223362 0.021807830780744553 0.0354892835021019 0.02627701312303543 -0.07785922288894653 0.009738090448081493 0.10952349752187729 -0.06253628432750702 -0.008683867752552032 0.021469973027706146 0.0256809052079916 0.019242169335484505 0.034555837512016296 -0.01097811572253704
for -0.14421220123767853 0.10760695487260818 0.07200697809457779 -0.04052251949906349 -0.013128493912518024 -0.1434236466884613 -0.04813949018716812 -0.20837078988552094 -0.06374137848615646 -0.015878502279520035 0.13803762197494507 -0.06279563158750534 -0.05438501015305519 0.045876529067754745 0.14110781252384186 0.10013121366500854 -0.06626787781715393 0.07470952719449997 0.04190792888402939 0.0680488646030426 -0.08562051504850388 -0.018646635115146637 0.21819201111793518 -0.09338295459747314 0.06702355295419693 8.177111158147454E-4 0.04178469255566597 -0.027058277279138565 0.08974751085042953 0.01437902357429266
their 0.008904216811060905 0.006595124024897814 0.01934322901070118 -0.016397148370742798 0.01265132986009121 -0.0030744452960789204 -0.016694648191332817 0.0059381285682320595 -0.002892649732530117 -0.007242453750222921 0.009353699162602425 -0.001422239700332284 -0.009271080605685711 0.005991448648273945 0.01562673971056938 0.012738482095301151 -0.016572831198573112 0.006334213074296713 -0.010562661103904247 0.011933328583836555 -0.010041232220828533 -0.012429315596818924 0.006730325985699892 0.006941558327525854 0.014697757549583912 -0.005246515851467848 0.017221413552761078 0.012902599759399891 0.0022234914358705282 0.012959341518580914
video -0.014814094640314579 0.003075183602049947 0.002694526221603155 0.014689634554088116 -0.002304320689290762 0.00804209616035223 -0.011861452832818031 0.008443109691143036 0.006674852222204208 0.004296860191971064 0.012274245731532574 -0.0020829071290791035 -0.0053060767240822315 0.012044479139149189 -0.00138813816010952 0.015753230080008507 0.01206343062222004 0.013984265737235546 8.744530496187508E-4 0.003369764657691121 -0.0032828033436089754 0.012453021481633186 -0.002784414915367961 -0.0062523940578103065 -0.00961295235902071 0.011811642907559872 -0.006876852363348007 -0.0039228880777955055 0.0033801826648414135 0.006682887207716703
demo -0.002836082596331835 -0.008090262301266193 0.00581470737233758 -0.0028186677955091 -0.0068589625880122185 -0.013663445599377155 -0.013497527688741684 -0.02286708913743496 -0.0028253374621272087 -0.005296611692756414 -0.009838131256401539 -1.8925528274849057E-4 -0.001033928245306015 0.0018868285696953535 -8.72844597324729E-4 0.012536237016320229 0.010033871978521347 0.006329965312033892 0.001268051564693451 0.010725956410169601 0.007273935247212648 0.002865344053134322 0.016016554087400436 -0.01418342161923647 -6.792221101932228E-4 -0.005120404064655304 0.006143260281533003 0.005746022332459688 0.014795987866818905 0.005781046114861965
exoskeletons -0.004838570952415466 0.014082729816436768 -0.005973774008452892 0.015485086478292942 -0.008941263891756535 -0.011386770755052567 -0.010731282643973827 -0.013445244170725346 0.008452141657471657 -0.003798640100285411 0.012938834726810455 -0.014985127374529839 -0.012645845301449299 -0.0032246720511466265 -5.255127907730639E-4 -0.003985813353210688 -0.013356157578527927 -0.005572748836129904 0.010776608251035213 -0.0022475700825452805 -0.011257671751081944 -1.9620188686531037E-4 -0.0031217571813613176 0.015668300911784172 -0.014435741119086742 0.0013540299842134118 -4.0203562821261585E-4 -0.003477083519101143 0.013188164681196213 0.007704300805926323
can 0.0073016732931137085 0.0033925154712051153 0.014135194011032581 0.013535968028008938 0.001169096678495407 -0.038397401571273804 -0.003944245632737875 -0.04905695095658302 0.0038375952281057835 0.026802144944667816 -3.850092616630718E-5 -0.004289287142455578 0.0060473098419606686 -0.002813697326928377 0.023380259051918983 0.010652092285454273 -0.014135405421257019 0.025277698412537575 0.018466779962182045 0.02071334421634674 -0.01381776388734579 -0.013176389038562775 0.05034002661705017 -0.03224782645702362 0.002202295931056142 -0.008906395174562931 0.014140402898192406 0.007881375029683113 0.02229992486536503 -0.0012138019083067775
not 0.013002925552427769 0.0018402324058115482 -0.013150607235729694 0.004042502027004957 0.014070266857743263 -0.006454602349549532 0.016438966616988182 0.01385278906673193 0.014624841511249542 0.0027654937002807856 0.008914385922253132 0.01230303943157196 -0.013763923197984695 0.0037069714162498713 -0.012766040861606598 0.008810744620859623 0.0018845547456294298 0.013867998495697975 -0.008376538753509521 -0.0012308271834626794 -0.004229612182825804 0.005749875213950872 0.001075582578778267 -0.01391209103167057 -0.009657192975282669 -0.012145200744271278 0.009818874299526215 0.002795069944113493 -3.7760785198770463E-4 -0.0073379031382501125
and -0.009905660524964333 0.01420624926686287 -0.008816407062113285 -0.010134642943739891 -0.0014280121540650725 0.01414073258638382 0.015156113542616367 0.019510602578520775 -7.206929149106145E-5 -0.011349300853908062 0.007354154251515865 -0.013282788917422295 -0.0047121234238147736 6.124837673269212E-4 -0.001843655132688582 -0.00213284557685256 0.00250854785554111 0.001050098449923098 -0.00791400671005249 0.005397216882556677 0.016533857211470604 0.001955687068402767 -0.006003144662827253 -1.6204165876843035E-4 -0.00947986077517271 0.015524010173976421 -0.018739094957709312 0.005939009599387646 0.005851988680660725 -0.003918193746358156
of -0.00972063560038805 0.020950891077518463 0.009866270236670971 -0.014470605179667473 0.016228793188929558 -0.021336669102311134 0.011646158993244171 -0.04695542901754379 -0.022908061742782593 -0.009098110720515251 0.018301187083125114 -0.005192616488784552 0.01680123619735241 -0.002213922329246998 0.024945970624685287 -0.004024837631732225 -0.002256210660561919 -0.006001058034598827 0.029002148658037186 0.0018776892684400082 0.0015677034389227629 -0.007462077774107456 0.026088640093803406 -0.020679207518696785 -0.0067868721671402454 0.010306102223694324 0.013909664936363697 0.002399039687588811 -0.002838711254298687 -0.006313570775091648
muscle 5.845087580382824E-4 -9.3107606517151E-5 0.01720269024372101 0.015721328556537628 0.010627152398228645 -0.021378973498940468 0.014031922444701195 -0.013193201273679733 -0.02628963626921177 0.019086109474301338 0.0018989245872944593 0.0019415994174778461 0.028798459097743034 0.006787188351154327 0.020068921148777008 0.013884433545172215 -0.007446930278092623 -0.009519062936306 0.03644167631864548 -0.0028707198798656464 -0.0035125345457345247 -0.011774707585573196 0.01713828556239605 8.714159775990993E-5 0.014653152786195278 -0.005505695007741451 0.0178294125944376 0.03038153611123562 0.008297249674797058 -6.194015149958432E-4
working -0.005536949727684259 -0.006874326150864363 -0.006922413129359484 -0.01078876480460167 -0.0076373121701180935 -0.009747687727212906 -0.014323120936751366 0.012630574405193329 0.008285924792289734 0.003301608609035611 0.009726019576191902 -0.013164592906832695 0.013441091403365135 0.00243575032800436 -0.011325610801577568 0.01364895049482584 -0.015029790811240673 -0.010893413797020912 6.156749441288412E-5 -0.01453638356178999 -0.0036486599128693342 -0.015681931748986244 0.003768367227166891 -0.0031725468579679728 -0.0018455712124705315 0.0034254267811775208 -0.01313638873398304 -5.304698715917766E-4 -0.007854655385017395 -0.004838851746171713
company -0.008204913698136806 -0.01207742840051651 -0.004968381021171808 0.01473910827189684 0.010759209282696247 -0.009105423465371132 -0.009077833965420723 -1.1323130456730723E-4 -0.009828794747591019 -0.014372104778885841 0.005576133728027344 -0.01460946910083294 0.001312565989792347 0.014773109927773476 0.006961446721106768 0.0014847454149276018 -0.015777694061398506 -0.005834722891449928 0.002987869083881378 -0.012265975587069988 -0.007250937633216381 -0.0022530138958245516 0.00901321042329073 -0.015000375919044018 0.006924784276634455 -0.0018258481286466122 -8.342358050867915E-4 0.009132866747677326 0.015800802037119865 0.015777647495269775
end -2.595404803287238E-4 0.009379202499985695 -0.006064195651561022 -0.008316870778799057 0.016006773337721825 -0.005466337315738201 0.01415905449539423 0.008210020139813423 -0.009634637273848057 -0.016049964353442192 0.002927855821326375 0.002860812470316887 0.0056314668618142605 -0.005793863907456398 0.013265125453472137 -0.012883691117167473 -0.005158676765859127 0.0021265766117721796 0.0022528867702931166 -0.006984468549489975 -0.015291307121515274 0.0022947133984416723 -0.016055593267083168 -0.011477727442979813 0.012905898503959179 -0.008069041185081005 -0.0049815913662314415 -0.016167735680937767 -0.0015480777947232127 -0.007754548918455839
on -0.013036227785050869 -0.012927796691656113 0.013520961627364159 -0.0144540686160326 -0.015478414483368397 0.005065848119556904 0.01530375424772501 -0.015061832964420319 0.0017534405924379826 0.015382302924990654 0.014148345217108727 0.01216948963701725 0.008255451917648315 -0.016046175733208656 -0.006097090430557728 -0.012058272026479244 -0.008886978030204773 -0.0040211440064013 -0.012270846404135227 0.007352051325142384 0.013640829361975193 -0.01102531235665083 0.003464968642219901 0.00430173147469759 0.003306076629087329 0.003546141553670168 -0.015163041651248932 -0.008653342723846436 -0.006317093037068844 -0.013291854411363602
visuals 0.003875147085636854 -0.010158323682844639 -0.014964062720537186 -0.008183343335986137 0.009507682174444199 -0.005386077333241701 -0.0056206053122878075 0.006261099129915237 -0.017299320548772812 0.011289961636066437 -0.004332798533141613 -0.017202436923980713 -0.007367593236267567 0.0044510625302791595 0.005912969820201397 0.012394098564982414 0.0036232653073966503 0.013805026188492775 0.012447724118828773 -0.009310003370046616 0.006464668083935976 -0.011131837964057922 -0.010289017111063004 -0.011420964263379574 0.0014170734211802483 -0.0031924787908792496 0.009113876149058342 0.008375515230000019 -0.007860680110752583 -0.015192214399576187
purchase 0.0020765436347573996 -0.009770467877388 0.0023493815679103136 -0.0055074612610042095 -0.002013899153098464 0.0040128594264388084 -0.0015277990605682135 0.01267479732632637 0.005404121708124876 -0.023955928161740303 -0.023177623748779297 -0.0023059826344251633 -0.013985448516905308 -0.001960173947736621 -0.024741213768720627 -0.022960688918828964 0.011803516186773777 -0.01834762655198574 -0.013793844729661942 0.0072104535065591335 0.008517082780599594 0.007704587187618017 -0.006955775432288647 0.025554103776812553 0.011634822934865952 0.0067785317078232765 -0.0026314633432775736 0.00400016363710165 -0.01550090592354536 0.008270518854260445
any -0.007211333606392145 -0.004056308884173632 6.593512371182442E-4 -0.011021903716027737 -0.010939427651464939 -0.016459964215755463 -6.579202017746866E-4 0.011611336842179298 -0.0011710631661117077 -0.013687250204384327 -0.0020981538109481335 0.0033932127989828587 -0.009400974027812481 -0.01574692130088806 0.013028541579842567 -0.013184498064219952 -0.017279842868447304 -0.0078967846930027 -0.012420881539583206 0.012628385797142982 -0.016010556370019913 -0.0035755480639636517 -0.010561027564108372 0.002663488034158945 0.0019461505580693483 -0.006585907656699419 -0.008839711546897888 0.013592968694865704 0.007173954509198666 -0.0016663180431351066
bye 0.010287079960107803 0.015711583197116852 0.0015674885362386703 0.011518199928104877 -0.012414900586009026 -0.012563951313495636 -0.009523722343146801 -2.774567110463977E-4 0.003617455018684268 0.01530184131115675 0.013691326603293419 -0.009289903566241264 -0.009010588750243187 0.011755739338696003 0.01094814483076334 -0.0010161552345380187 0.009409915655851364 -0.01596175692975521 0.016590541228652 -0.004944987129420042 -0.011794310994446278 0.0027710897848010063 0.015611640177667141 0.009653734974563122 -0.0067947437055408955 0.013289129361510277 -0.0112039465457201 -0.009768214076757431 -0.008296497166156769 0.01539633609354496
what -0.0025223579723387957 0.02138490229845047 0.01207883283495903 0.02388192154467106 0.003766655223444104 -0.041926003992557526 0.005195487290620804 -0.08642712235450745 -0.022064540535211563 0.04330434277653694 0.02678406983613968 -0.0015246110269799829 0.04100543633103371 -0.02751776948571205 0.05329279229044914 0.012066985480487347 -0.02407861314713955 0.025087540969252586 0.04224986582994461 0.004773035179823637 0.010881678201258183 -0.004926952533423901 0.07447841763496399 -0.06387343257665634 0.022152530029416084 -0.03794113174080849 0.015289573930203915 0.008422656916081905 -0.010042866691946983 0.026895796880126
mark 0.027015473693609238 -0.0020404530223459005 -0.02815082296729088 -0.016228128224611282 -0.010806145146489143 0.016433797776699066 0.01050548255443573 0.039389465004205704 0.015066996216773987 -0.008688872680068016 -0.029475973919034004 0.029765160754323006 -0.013563646003603935 -0.004304792732000351 -0.04028688371181488 -0.019274216145277023 0.03239717707037926 0.006967350374907255 -0.0348278172314167 0.006387884728610516 0.014852011576294899 0.00547931669279933 -0.03642621636390686 0.016663899645209312 0.008593800477683544 0.012691859155893326 -0.009359264746308327 0.0011786040849983692 -0.008623333647847176 0.007904800586402416
